1017355
1047666
1076295
1096038
1141552
1149473
1157165
1210953
1222360
1253734
1254096
1262779
1262909
1289356
1300021
1307640
1508794
1542189
1580324
1582338
1586165
1602821
1608640
1659238
1685393
1713189
1733855
1751518
1776387
1796313
1800098
1846544
1853904
1892735
1892977
1990734
1994526
2004697
2063660
2174473
2235774
2240565
2272128
2294675
2296577
2312975
2317900
2322640
2324050
2332166
2412720
2469228
2507423
2537027
2549863
2598283
2600356
2630414
2765428
2836021
2850333
2899934
2970460
2980218
3045323
3064887
3085175
3122986
3151348
3152320
3214431
3265340
3278427
3284763
3343461
3382549
3448641
3462267
3469852
3481771
3489448
3555193
3627688
3690158
3762255
3790939
3801718
3876329
3922891
3960815
3978023
4024042
4075568
4090887
4105706
4254140
4309566
4339570
4343740
4434001
4452067
4472502
4473947
4474574
4551856
4574594
4589374
4589468
4616139
4625029
4642996
4705017
4707982
4726431
4727978
4739484
4764991
4802402
4825030
4842582
4867636
4883474
4962901
4987735
4996469
5020975
5042125
5046967
5090389
5126605
5151016
5158110
5195531
5238727
5242428
5262263
5342437
5346702
5361872
5374597
5450735
5472186
5472826
5499419
5503563
5518984
5551261
5647423
5696443
5708696
5770633
5777599
5851592
5923643
5954038
5972803
5990307
5991784
